%% Initialize BS gains Part 1

% c1  =  15.52;
% c2  =  13.40;
% c3  =  13.00;
% c4  =  12.50;
% c5  =  10.6263;
% c6  =  10.5392;
% c7  =  2.5403; %3.2751
% c8  =  5.4909; %7.8055

%% Initialize BS gains Part 2

% c1  =  15.52;
% c2  =  13.40;
% c3  =  13.00;
% c4  =  12.50;
% c5  =  10.6263;
% c6  =  10.5392;

c1  =  18.52;
c2  =  16.40;
c3  =  16.00;
c4  =  15.50;
c5  =  13.6263;
c6  =  13.5392;
c7  = 2.54;
c8  = 5.49;

c9  = 2.5;
c10 = 1.5;
c11 = 2.5;
c12 = 1.5;


%% Junk Yard
%c7  = 3.2751; c8 = 7.8055; 
%%%% c7  =  6.3;%2.5403; %3.2751
%%%% c8  =  6.1;%5.4909; %7.8055
